2016 01 02 14 28
2016 01 06 15 11
2016 01 09 16 33
2016 01 10 13 03
2016 01 12 19 41
2016 01 18 03 57
2016 01 22 00 40
2016 01 22 21 26
2016 01 26 20 34
2016 01 28 13 43
2016 02 02 04 20
2016 02 04 04 18
2016 02 07 13 39
2016 02 08 08 11
2016 02 09 03 24
2016 02 11 06 47
2016 02 12 07 59
2016 02 15 11 14
2016 02 20 05 06
2016 02 20 09 28
2016 02 21 01 20
2016 02 26 04 30
2016 03 08 05 32
2016 03 11 04 37
2016 03 12 02 04
2016 03 18 22 54
2016 03 25 03 31
2016 03 26 11 06
2016 04 04 10 20
2016 04 08 05 34
2016 04 08 10 08
2016 04 22 20 09
2016 04 23 16 41
2016 04 24 12 21
2016 04 25 19 33
2016 04 26 20 16
2016 05 03 06 47
2016 05 04 19 21
2016 05 07 02 39
2016 05 10 06 56
2016 05 11 14 42
2016 05 20 07 18
2016 05 21 13 15
2016 05 25 03 24
2016 05 26 06 03
2016 06 05 21 44
2016 06 06 15 33
2016 06 11 17 24
2016 06 11 18 08
2016 06 14 09 59
2016 06 15 00 16
2016 06 15 05 56
2016 06 17 02 47
2016 06 17 04 44
2016 06 18 06 51
2016 06 25 01 33
2016 06 25 11 55
2016 07 04 13 50
2016 07 11 16 57
2016 07 20 12 32
2016 07 26 10 59
2016 08 03 21 41
2016 08 10 17 51
2016 08 12 16 04
2016 08 18 00 59
2016 08 21 14 50
2016 08 22 23 10
2016 08 24 12 54
2016 08 25 17 36
2016 08 26 23 44
2016 08 27 19 58
2016 08 28 02 38
2016 09 10 05 56
2016 09 10 17 32
2016 09 16 16 01
2016 09 16 19 06
2016 09 21 22 37
2016 09 26 02 51
2016 10 08 07 12
2016 10 11 23 23
2016 11 06 19 34
2016 11 07 05 06
2016 11 10 13 13
2016 11 12 08 01
2016 11 15 07 34
2016 11 17 05 03
2016 11 17 07 24
2016 11 28 16 33
2016 12 03 13 05
2016 12 07 16 40
2016 12 08 08 40
2016 12 10 01 08
2016 12 12 00 19
2016 12 19 10 55
2016 12 20 05 53
2016 12 21 13 21
2016 12 22 11 43
2016 12 23 16 29
2016 12 25 08 24
2016 12 27 08 28
