2015 00 22 21 59
2015 01 05 16 55
2015 03 06 10 01
2015 03 21 23 59
2015 05 08 17 32
2015 11 19 00 08
2015 11 23 16 05
2016 01 03 02 49
2016 03 19 13 50
2016 07 17 00 18
2016 07 18 22 05
2016 08 13 13 51
2016 08 22 12 25
2016 10 17 14 54
2017 00 14 07 59
2017 00 16 06 38
2017 02 18 00 53
2017 03 05 21 44
2017 06 16 18 20
2017 07 02 09 07
2017 07 04 09 57
2017 07 22 11 34
2017 10 00 22 22
2017 10 03 00 54
2017 10 17 04 35
2017 10 25 05 48
2018 02 15 00 12
2018 02 15 23 20
2018 06 00 10 21
2018 06 08 05 18
2018 06 21 10 28
2018 08 03 12 22
2018 09 04 04 53
2018 09 05 04 24
2018 11 10 22 56
2018 11 12 19 39
2018 11 14 03 08
2019 00 01 05 43
2019 00 20 14 51
2019 02 17 07 05
2019 04 19 04 28
2019 06 09 06 56
2019 06 12 23 39
2019 06 13 12 07
2019 08 21 10 21
2019 09 24 13 19
2019 09 24 16 31
2019 09 26 04 21
2019 11 02 11 39
2019 11 14 18 03
